attribute:

  colorbar:

    MeanPrecip:

      red:
        - 0.000 0.902 0.902
        - 0.053 0.706 0.706
        - 0.105 0.510 0.745
        - 0.158 0.745 0.745
        - 0.211 0.573 0.573
        - 0.263 0.400 0.400
        - 0.316 0.420 0.420
        - 0.368 0.545 0.545
        - 0.421 0.675 0.675
        - 0.474 0.780 0.780
        - 0.526 0.976 0.976
        - 0.579 0.953 0.953
        - 0.632 0.933 0.933
        - 0.684 0.898 0.898
        - 0.737 0.867 0.867
        - 0.789 0.816 0.816
        - 0.842 0.788 0.788
        - 0.895 0.718 0.718
        - 0.947 0.655 0.655
        - 1.000 0.518 0.518
      green:
        - 0.000 0.902 0.902
        - 0.053 0.706 0.706
        - 0.105 0.510 0.847
        - 0.158 0.847 0.847
        - 0.211 0.671 0.671
        - 0.263 0.478 0.478
        - 0.316 0.702 0.702
        - 0.368 0.839 0.839
        - 0.421 0.929 0.929
        - 0.474 0.980 0.980
        - 0.526 0.973 0.973
        - 0.579 0.859 0.859
        - 0.632 0.776 0.776
        - 0.684 0.647 0.647
        - 0.737 0.506 0.506
        - 0.789 0.255 0.255
        - 0.842 0.208 0.208
        - 0.895 0.184 0.184
        - 0.947 0.165 0.165
        - 1.000 0.125 0.125
      blue:
        - 0.000 0.902 0.902
        - 0.053 0.706 0.706
        - 0.105 0.510 0.918
        - 0.158 0.918 0.918
        - 0.211 0.886 0.886
        - 0.263 0.839 0.839
        - 0.316 0.275 0.275
        - 0.368 0.392 0.392
        - 0.421 0.580 0.580
        - 0.474 0.702 0.702
        - 0.526 0.341 0.341
        - 0.579 0.302 0.302
        - 0.632 0.282 0.282
        - 0.684 0.247 0.247
        - 0.737 0.212 0.212
        - 0.789 0.169 0.169
        - 0.842 0.149 0.149
        - 0.895 0.137 0.137
        - 0.947 0.102 0.102
        - 1.000 0.071 0.071
